name: bio
channels:
  - bioconda
  - defaults
dependencies:
  - _libgcc_mutex=0.1=main
  - _openmp_mutex=5.1=1_gnu
  - bedtools=2.30.0=h7d7f7ad_2
  - bowtie=1.0.0=1
  - bzip2=1.0.8=h5eee18b_6
  - c-ares=1.19.1=h5eee18b_0
  - ca-certificates=2025.2.25=h06a4308_0
  - emboss=6.6.0=he06d7ca_1
  - expat=2.7.1=h6a678d5_0
  - fontconfig=2.14.1=h4c34cd2_2
  - freetype=2.13.3=h4a9f257_0
  - giflib=5.1.4=h14c3975_1
  - hisat2=2.2.1=h87f3376_4
  - htslib=1.13=h9093b5e_0
  - icu=58.2=he6710b0_3
  - jpeg=9e=h5eee18b_3
  - krb5=1.19.2=hac12032_0
  - ld_impl_linux-64=2.40=h12ee557_0
  - libcurl=7.87.0=h91b91d3_0
  - libdeflate=1.22=h5eee18b_0
  - libedit=3.1.20210714=h7f8727e_0
  - libev=4.33=h7f8727e_1
  - libffi=3.3=he6710b0_2
  - libgcc=7.2.0=h69d50b8_2
  - libgcc-ng=11.2.0=h1234567_1
  - libgd=2.2.5=h8e06009_4
  - libgfortran-ng=7.5.0=ha8ba4b0_17
  - libgfortran4=7.5.0=ha8ba4b0_17
  - libgomp=11.2.0=h1234567_1
  - libnghttp2=1.52.0=ha637b67_1
  - libpng=1.6.39=h5eee18b_0
  - libssh2=1.10.0=h37d81fd_2
  - libstdcxx-ng=11.2.0=h1234567_1
  - libtiff=4.1.0=hecacb30_2
  - libuuid=1.41.5=h5eee18b_0
  - libwebp=1.0.1=h8e7db2f_0
  - libxcb=1.17.0=h9b100fa_0
  - libxml2=2.10.3=hcbfbd50_0
  - lz4-c=1.9.4=h6a678d5_1
  - mafft=7.505=hec16e2b_0
  - mpi=1.0=openmpi
  - mysql-connector-c=6.1.11=h24aacaa_2
  - ncurses=6.2=he6710b0_1
  - openmpi=4.0.2=hb1b8bf9_1
  - openssl=1.1.1w=h7f8727e_0
  - perl=5.40.2=0_h5eee18b_perl5
  - phyml=3.3.20190909=h516909a_0
  - pip=25.1=pyhc872135_2
  - pthread-stubs=0.3=h0ce48e5_1
  - python=3.10.0=h12debd9_1
  - readline=8.1=h27cfd23_0
  - samtools=1.13=h8c37831_0
  - setuptools=78.1.1=py310h06a4308_0
  - sqlite=3.40.1=h5082296_0
  - tk=8.6.14=h993c535_1
  - trimal=1.4.1=h9f5acd7_6
  - tzdata=2025b=h04d1e81_0
  - ucsc-liftover=357=0
  - wheel=0.45.1=py310h06a4308_0
  - xorg-libx11=1.8.12=h9b100fa_1
  - xorg-libxau=1.0.12=h9b100fa_0
  - xorg-libxdmcp=1.1.5=h9b100fa_0
  - xorg-xorgproto=2024.1=h5eee18b_1
  - xz=5.2.10=h5eee18b_1
  - zlib=1.2.13=h5eee18b_1
  - zstd=1.5.5=hc292b87_0